llh: 
  lon: -96.4784103
  lat: 30.6335552
  height: 51.745




llh: 
  lon: -96.4784104
  lat: 30.6333938
  height: 51.699


llh: 
  lon: -96.4784115
  lat: 30.6332274
  height: 51.674



(741679.6159843083, 3391702.751632459, 14, 'R')
(741680.0081942419, 3391684.845780064, 14, 'R')
(741680.3167184587, 3391666.394509653, 14, 'R')
